1. 1 ,3 ,1 ,2.5 ,5 ,1 ,4 ,5 ,4 ,8 ,7
2. A series like this 41.45 ,41.5 ,42 ,18.23 ,18.2 ,18
3. 11 ,8 ,17 ,14 ,23 ,24 ,31 ,32
4. 4 ,3 ,144 ,1.5 ,2 ,9 ,3.2 ,2
5. 4.2 ,7.2 ,11.4 ,6.1 , 9.1 , 15.2 ,3.8 , 6.8
6. 1/5 , 1/2 , 1/3 , 2/5 ,1, 2/3, 3/5, 1 1/2 ,1, 4/5
7. 5, 1, 2, 8, 8, 1, 0, 9, 9, 2, 3
8. 5, 1, 2, 8, 1, 0, 9, 2, 3, 14, 1, 3
9. 6, 3, 3, 9, 12, 5, 7, 35, 8, 6, 2
10. 24, 42, 1/2, 2, 65, 56, 1 1/5, 5/6, 73, 37
11. 4, 2, 5, 9, 5, 11, 13, 7, 16, 17, 9
12. 8, 16, 3, 27, 4, 8, 7, 19, 2, 0, 7
13. 5/6, 1/3, 1/2, 1/2, 2/8, 1/4, 5/6, 1/6, 2/3, 1/2, 1/3
14. 115, 100, 86, 74, 65, 60
15. 100, 98, 95, 90, 83
16. 0, 8, 12, 26, 23
17. 7.2, 2.2, 3.2, 16, 11, 12, 60, 55, 56
18. 18, 24, 5, 21, 8, 27, 17, 23, 4, 24, 30