1)1/2,5/4,2,11/4,7/2 .....?

2)7776,625,64,9..............?

3)4,3,6,5,11,10,19,18,30,29,.....? (*)

4)32,14.23,7,5.2,12.03..............?

5)340,680,1428,3146.6..............?

6)2,6,5,11,26,17.........................?

7)9,4,16,6,36,21,44.....................?

8)1/4,1/4,1/2,1/2,1.50,6...........?

9)1,1,1,2,2,2,3,4,3,3,5,6,..............?

10)2,9,5,49,11,169........................?

11)1,3,3,2,8,10,3,4,12,4,8...............?

12)3,2,1,4,5,1,0,6,3..........................?

13)6,18,21,8,11,33,2,6,9,5,8,24,7,21...?

14)7,-14,-4,15,-30,-20,-21................?

15)33,8,41,46,21,67,72,47,119,124..........?

16)5,6,6.5,6.5,8,7,9.5...........................?

17)49,7,98,16,4,48,9,36,25,5..............?

18)7,4,6,3,4.5,1.5,2.25,-0.75.................?

2,3,6,13,28,_ ans 59

-6,-18,4,24,12,-6,-40,_

5,6,6.5,8,7,9.5_

8,16,3,27,4,8,7,_

4.2,26.0,8.9,8.4,52.0,17.8,16.8,104.0,_

1,9,0,2,7,1,3,5,2,4,3,_

15(3/4),16,26,9(1/5),9,19,64(2/3),65,75,30(3/8),_

-27,9,-3,81,-27,9,_ ans 54

2740,2744,2784,3184,_

2,3,6,13,28,_

2nd feb 2013 Drive IBM Series Question 1)3,7,10,8,4,12,0,5,5,3,2,5 
2)0,1,1,2,0,5,2,2,4,2,2,4,3,7,2 
3)10,12,-36,-7,-5,15,19,21 
4)4,2,4,8,6,8,16 
5)11.5,17.5,35.5,89.5 
6)1,1,1,2,4,12,36 
7)8,16,3,27,4,8,7,19,2,0,7 
8)40,39,37,33,26,15 
9)3,5,2,100,47,3,196,1,6,5, 
10)507,169,248,62,36,12,168,42,168 
11)49,7,98,16,4,48,9,3,36,23,5 
12)8,0.5,16,4,15,0.3,50,4.5,6,0.2,30 
13)115,100,86,74,65,60 
14)1,3,1,2.5,5,1,4,5,4,,8,7 
15)4,3,144,1.5,2,9,5,0.3,2.2 
16)0,1,2,.5,2,2,2,2,4,3,2, 
17)8,5,9,7,2,2.5,5,1,16,8,6,4 


Now You might face GD Round So here is the some topic which asked by IBM on Feb 2nd 2013:-

Social website is beneficial or not? -- POVERTY in India? -- Primary Education is better than Higher Education? -- Impact of cinema on youth -- Is Indian media using its freedom correctly or not? -- IPL -- Nuclear Deal -- Should India sign the Nuclear Treaty? -- Why India is Lagging in Olympics? -- Should India host Common wealth games? -- Now youngster giving more importance to money in career?
18)13,21,32,49,78,131...